3.000000000000000000e+02 2.500000000000000000e+02
3.000000000000000000e+02 2.500000000000000000e+02
3.000000000000000000e+02 2.500000000000000000e+02
3.000000000000000000e+02 2.500000000000000000e+02
3.000000000000000000e+02 2.500000000000000000e+02
3.000000000000000000e+02 2.500000000000000000e+02
3.000000000000000000e+02 2.500000000000000000e+02
3.000000000000000000e+02 2.500000000000000000e+02
3.000000000000000000e+02 2.500000000000000000e+02
3.000000000000000000e+02 2.500000000000000000e+02
3.000000000000000000e+02 2.500000000000000000e+02
3.000000000000000000e+02 2.500000000000000000e+02
3.000000000000000000e+02 2.500000000000000000e+02
3.000000000000000000e+02 2.500000000000000000e+02
3.000000000000000000e+02 2.500000000000000000e+02
3.000000000000000000e+02 2.500000000000000000e+02
3.000000000000000000e+02 2.500000000000000000e+02
3.000000000000000000e+02 2.500000000000000000e+02
3.000000000000000000e+02 2.500000000000000000e+02
3.000000000000000000e+02 2.500000000000000000e+02
3.000000000000000000e+02 2.500000000000000000e+02
3.000000000000000000e+02 2.500000000000000000e+02
3.000000000000000000e+02 2.500000000000000000e+02
3.000000000000000000e+02 2.500000000000000000e+02
3.000000000000000000e+02 2.500000000000000000e+02
3.000000000000000000e+02 2.500000000000000000e+02
3.000000000000000000e+02 2.500000000000000000e+02
3.000000000000000000e+02 2.500000000000000000e+02
3.000000000000000000e+02 2.500000000000000000e+02
3.000000000000000000e+02 2.500000000000000000e+02
3.000000000000000000e+02 2.500000000000000000e+02
3.000000000000000000e+02 2.500000000000000000e+02
3.000000000000000000e+02 2.500000000000000000e+02
3.000000000000000000e+02 2.500000000000000000e+02
3.000000000000000000e+02 2.500000000000000000e+02
3.000000000000000000e+02 2.500000000000000000e+02
3.000000000000000000e+02 2.500000000000000000e+02
3.000000000000000000e+02 2.500000000000000000e+02
3.000000000000000000e+02 2.500000000000000000e+02
3.000000000000000000e+02 2.500000000000000000e+02
3.000000000000000000e+02 2.500000000000000000e+02
3.000000000000000000e+02 2.500000000000000000e+02
3.000000000000000000e+02 2.500000000000000000e+02
3.000000000000000000e+02 2.500000000000000000e+02
3.000000000000000000e+02 2.500000000000000000e+02
3.000000000000000000e+02 2.500000000000000000e+02
3.000000000000000000e+02 2.500000000000000000e+02
3.000000000000000000e+02 2.500000000000000000e+02
3.000000000000000000e+02 2.500000000000000000e+02
3.000000000000000000e+02 2.500000000000000000e+02
3.000000000000000000e+02 2.500000000000000000e+02
3.000000000000000000e+02 2.500000000000000000e+02
3.000000000000000000e+02 2.500000000000000000e+02
3.000000000000000000e+02 2.500000000000000000e+02
3.000000000000000000e+02 2.500000000000000000e+02
3.000000000000000000e+02 2.500000000000000000e+02
3.000000000000000000e+02 2.500000000000000000e+02
3.000000000000000000e+02 2.500000000000000000e+02
3.000000000000000000e+02 2.500000000000000000e+02
3.000000000000000000e+02 2.500000000000000000e+02
3.000000000000000000e+02 2.500000000000000000e+02
3.000000000000000000e+02 2.500000000000000000e+02
3.000000000000000000e+02 2.500000000000000000e+02
3.000000000000000000e+02 2.500000000000000000e+02
3.000000000000000000e+02 2.500000000000000000e+02
3.000000000000000000e+02 2.500000000000000000e+02
3.000000000000000000e+02 2.500000000000000000e+02
3.000000000000000000e+02 2.500000000000000000e+02
3.000000000000000000e+02 2.500000000000000000e+02
3.000000000000000000e+02 2.500000000000000000e+02
3.000000000000000000e+02 2.500000000000000000e+02
3.000000000000000000e+02 2.500000000000000000e+02
3.000000000000000000e+02 2.500000000000000000e+02
3.000000000000000000e+02 2.500000000000000000e+02
3.000000000000000000e+02 2.500000000000000000e+02
3.000000000000000000e+02 2.500000000000000000e+02
3.000000000000000000e+02 2.500000000000000000e+02
3.000000000000000000e+02 2.500000000000000000e+02
3.000000000000000000e+02 2.500000000000000000e+02
3.000000000000000000e+02 2.500000000000000000e+02
3.000000000000000000e+02 2.500000000000000000e+02
3.000000000000000000e+02 2.500000000000000000e+02
3.000000000000000000e+02 2.500000000000000000e+02
3.000000000000000000e+02 2.500000000000000000e+02
3.000000000000000000e+02 2.500000000000000000e+02
3.000000000000000000e+02 2.500000000000000000e+02
3.000000000000000000e+02 2.500000000000000000e+02
3.000000000000000000e+02 2.500000000000000000e+02
3.000000000000000000e+02 2.500000000000000000e+02
3.000000000000000000e+02 2.500000000000000000e+02
3.000000000000000000e+02 2.500000000000000000e+02
3.000000000000000000e+02 2.500000000000000000e+02
3.000000000000000000e+02 2.500000000000000000e+02
3.000000000000000000e+02 2.500000000000000000e+02
3.000000000000000000e+02 2.500000000000000000e+02
3.000000000000000000e+02 2.500000000000000000e+02
3.000000000000000000e+02 2.500000000000000000e+02
3.000000000000000000e+02 2.500000000000000000e+02
3.000000000000000000e+02 2.500000000000000000e+02
3.000000000000000000e+02 2.500000000000000000e+02
1.000000000000000000e+02 2.500000000000000000e+02
1.000000000000000000e+02 2.500000000000000000e+02
1.000000000000000000e+02 2.500000000000000000e+02
1.000000000000000000e+02 2.500000000000000000e+02
1.000000000000000000e+02 2.500000000000000000e+02
1.000000000000000000e+02 2.500000000000000000e+02
1.000000000000000000e+02 2.500000000000000000e+02
1.000000000000000000e+02 2.500000000000000000e+02
1.000000000000000000e+02 2.500000000000000000e+02
1.000000000000000000e+02 2.500000000000000000e+02
1.000000000000000000e+02 2.500000000000000000e+02
1.000000000000000000e+02 2.500000000000000000e+02
1.000000000000000000e+02 2.500000000000000000e+02
1.000000000000000000e+02 2.500000000000000000e+02
